((("name" .
   [1 0 0 0])
  ("randn" .
   [1 0 0 0 0])
  ("random" .
   [1 0 0 0 0 0])
  ("np" .
   [1 0])
  ("PATH" .
   [0 0 0 1])
  ("arr" .
   [6 0 0])
  ("forEach" .
   [1 0 1 0 2 0 2])
  ("function" .
   [0 0 0 0 0 0 0 2])
  ("newArr" .
   [10 0 0 0 1 1])
  ("let" .
   [7 0 0])
  ("push" .
   [3 0 0 0])
  ("length" .
   [0 0 0 1 0 0])
  ("newVal" .
   [4 0 0 0 0 0])
  ("key" .
   [3 0 0])
  ("value" .
   [3 0 0 0 0])
  ("str" .
   [2 0 0])
  ("oldArr" .
   [0 0 0 1 0 0])
  ("toLowerCase" .
   [0 0 0 1 0 0 0 0 0 0 2])
  ("vowel" .
   [0 0 0 0 1])
  ("splitArr" .
   [0 0 0 0 0 0 1 0])
  ("letter" .
   [7 0 0 0 0 0])
  ("vowels" .
   [1 0 0 0 0 0])
  ("obj" .
   [4 0 0])
  ("while" .
   [0 0 0 0 1])))
